0,1,
0,6,
0,13,
0,14,
0,18,
0,21,
0,33,
0,34,
0,35,
0,36,
0,41,
0,43,
0,46,
0,49,
0,50,
0,61,
0,62,
0,64,
0,69,
0,73,
0,74,
0,82,
0,85,
0,90,
0,95,
0,100,
0,103,
0,111,
0,114,
0,116,
0,127,
0,145,
0,147,
0,150,
0,152,
0,155,
0,157,
0,159,
0,167,
0,168,
0,173,
0,187,
0,196,
0,199,
1,2,
1,12,
1,14,
1,18,
1,19,
1,24,
1,27,
1,31,
1,34,
1,37,
1,39,
1,41,
1,42,
1,44,
1,46,
1,49,
1,53,
1,56,
1,59,
1,62,
1,65,
1,68,
1,70,
1,71,
1,73,
1,76,
1,77,
1,80,
1,83,
1,84,
1,85,
1,86,
1,87,
1,90,
1,93,
1,97,
1,98,
1,103,
1,104,
1,109,
1,113,
1,116,
1,117,
1,121,
1,126,
1,128,
1,137,
1,138,
1,142,
1,143,
1,145,
1,154,
1,159,
1,165,
1,170,
1,176,
1,177,
1,183,
1,197,
1,199,
2,4,
2,6,
2,11,
2,19,
2,21,
2,22,
2,27,
2,28,
2,32,
2,33,
2,37,
2,42,
2,43,
2,44,
2,45,
2,46,
2,49,
2,52,
2,56,
2,65,
2,75,
2,80,
2,98,
2,103,
2,105,
2,108,
2,109,
2,111,
2,129,
2,136,
2,143,
2,145,
2,148,
2,150,
2,151,
2,152,
2,154,
2,162,
2,168,
2,185,
2,191,
2,196,
3,7,
3,17,
3,23,
3,26,
3,30,
3,35,
3,39,
3,45,
3,47,
3,51,
3,57,
3,58,
3,64,
3,66,
3,68,
3,70,
3,71,
3,75,
3,76,
3,79,
3,83,
3,90,
3,97,
3,98,
3,104,
3,105,
3,106,
3,107,
3,108,
3,109,
3,110,
3,112,
3,115,
3,119,
3,120,
3,124,
3,125,
3,132,
3,133,
3,134,
3,136,
3,143,
3,151,
3,153,
3,155,
3,157,
3,164,
3,185,
3,187,
3,192,
3,196,
3,197,
3,199,
4,5,
4,6,
4,14,
4,20,
4,22,
4,38,
4,41,
4,45,
4,69,
4,98,
4,99,
4,102,
4,103,
4,106,
4,107,
4,114,
4,120,
4,123,
4,126,
4,127,
4,130,
4,138,
4,139,
4,144,
4,148,
4,153,
4,156,
4,160,
4,172,
4,181,
4,182,
4,185,
4,192,
5,6,
5,7,
5,9,
5,20,
5,25,
5,33,
5,39,
5,40,
5,42,
5,43,
5,47,
5,48,
5,54,
5,55,
5,67,
5,68,
5,69,
5,70,
5,73,
5,74,
5,77,
5,79,
5,82,
5,83,
5,94,
5,95,
5,97,
5,99,
5,102,
5,103,
5,105,
5,107,
5,111,
5,117,
5,125,
5,127,
5,128,
5,129,
5,130,
5,132,
5,133,
5,137,
5,143,
5,144,
5,147,
5,151,
5,155,
5,156,
5,157,
5,158,
5,165,
5,173,
5,175,
5,177,
5,182,
5,183,
5,186,
5,189,
5,192,
5,195,
6,10,
6,11,
6,13,
6,14,
6,17,
6,22,
6,23,
6,27,
6,28,
6,31,
6,33,
6,42,
6,46,
6,51,
6,57,
6,61,
6,63,
6,66,
6,72,
6,74,
6,76,
6,78,
6,85,
6,86,
6,88,
6,91,
6,95,
6,96,
6,97,
6,99,
6,104,
6,105,
6,111,
6,113,
6,118,
6,125,
6,126,
6,127,
6,132,
6,138,
6,139,
6,141,
6,146,
6,149,
6,151,
6,154,
6,157,
6,159,
6,161,
6,167,
6,169,
6,170,
6,174,
6,177,
6,180,
6,182,
6,183,
6,194,
6,198,
6,199,
7,10,
7,11,
7,12,
7,20,
7,22,
7,23,
7,27,
7,29,
7,31,
7,36,
7,40,
7,44,
7,47,
7,50,
7,58,
7,71,
7,72,
7,73,
7,75,
7,77,
7,78,
7,81,
7,82,
7,89,
7,93,
7,97,
7,101,
7,104,
7,107,
7,115,
7,118,
7,125,
7,130,
7,132,
7,136,
7,137,
7,142,
7,143,
7,144,
7,149,
7,152,
7,156,
7,159,
7,161,
7,171,
7,172,
7,182,
7,189,
7,195,
7,197,
8,12,
8,16,
8,19,
8,22,
8,26,
8,32,
8,33,
8,35,
8,36,
8,42,
8,46,
8,48,
8,49,
8,50,
8,56,
8,58,
8,60,
8,64,
8,66,
8,67,
8,74,
8,76,
8,79,
8,85,
8,93,
8,94,
8,97,
8,103,
8,108,
8,120,
8,121,
8,134,
8,139,
8,142,
8,144,
8,148,
8,154,
8,155,
8,160,
8,164,
8,165,
8,167,
8,173,
8,175,
8,178,
8,184,
8,186,
8,189,
8,193,
9,13,
9,14,
9,19,
9,24,
9,27,
9,28,
9,33,
9,42,
9,43,
9,44,
9,46,
9,52,
9,54,
9,55,
9,56,
9,57,
9,59,
9,71,
9,73,
9,75,
9,79,
9,80,
9,83,
9,88,
9,91,
9,93,
9,103,
9,105,
9,114,
9,115,
9,116,
9,128,
9,132,
9,133,
9,138,
9,140,
9,141,
9,147,
9,149,
9,153,
9,154,
9,157,
9,158,
9,160,
9,165,
9,167,
9,168,
9,171,
9,173,
9,178,
9,179,
9,180,
9,181,
9,187,
9,189,
9,197,
9,198,
10,11,
10,24,
10,28,
10,32,
10,36,
10,40,
10,41,
10,51,
10,57,
10,58,
10,59,
10,63,
10,64,
10,66,
10,67,
10,68,
10,70,
10,73,
10,74,
10,75,
10,80,
10,82,
10,83,
10,87,
10,96,
10,98,
10,102,
10,105,
10,113,
10,117,
10,119,
10,121,
10,127,
10,140,
10,142,
10,144,
10,148,
10,149,
10,151,
10,155,
10,156,
10,157,
10,163,
10,167,
10,175,
10,178,
10,179,
10,180,
10,184,
10,185,
10,189,
10,193,
11,16,
11,19,
11,33,
11,34,
11,37,
11,41,
11,42,
11,46,
11,58,
11,59,
11,61,
11,62,
11,65,
11,66,
11,68,
11,71,
11,76,
11,78,
11,79,
11,87,
11,88,
11,89,
11,92,
11,104,
11,105,
11,108,
11,121,
11,125,
11,128,
11,131,
11,136,
11,141,
11,144,
11,146,
11,156,
11,157,
11,162,
11,163,
11,166,
11,167,
11,180,
11,184,
11,188,
11,189,
11,190,
11,191,
11,192,
11,198,
12,14,
12,24,
12,28,
12,34,
12,46,
12,53,
12,56,
12,59,
12,60,
12,62,
12,66,
12,67,
12,68,
12,69,
12,70,
12,72,
12,76,
12,78,
12,81,
12,84,
12,85,
12,91,
12,99,
12,103,
12,111,
12,114,
12,117,
12,118,
12,121,
12,122,
12,124,
12,128,
12,129,
12,131,
12,132,
12,133,
12,138,
12,141,
12,142,
12,146,
12,157,
12,158,
12,160,
12,163,
12,168,
12,177,
12,181,
12,182,
12,189,
12,197,
13,23,
13,25,
13,26,
13,32,
13,38,
13,39,
13,41,
13,44,
13,49,
13,51,
13,54,
13,55,
13,57,
13,66,
13,73,
13,105,
13,107,
13,108,
13,113,
13,117,
13,119,
13,123,
13,125,
13,134,
13,135,
13,136,
13,137,
13,138,
13,139,
13,140,
13,144,
13,149,
13,157,
13,159,
13,163,
13,167,
13,171,
13,176,
13,177,
13,188,
13,193,
13,197,
13,199,
14,16,
14,20,
14,26,
14,28,
14,29,
14,34,
14,45,
14,54,
14,62,
14,69,
14,70,
14,71,
14,73,
14,83,
14,85,
14,86,
14,87,
14,90,
14,94,
14,97,
14,102,
14,103,
14,104,
14,111,
14,116,
14,120,
14,129,
14,130,
14,135,
14,139,
14,140,
14,142,
14,145,
14,150,
14,154,
14,157,
14,159,
14,170,
14,173,
14,184,
14,199,
15,22,
15,25,
15,27,
15,33,
15,37,
15,40,
15,41,
15,42,
15,44,
15,49,
15,51,
15,53,
15,54,
15,57,
15,58,
15,59,
15,82,
15,84,
15,86,
15,93,
15,96,
15,97,
15,99,
15,107,
15,110,
15,112,
15,113,
15,114,
15,120,
15,124,
15,125,
15,126,
15,128,
15,134,
15,142,
15,143,
15,149,
15,150,
15,153,
15,160,
15,167,
15,172,
15,173,
15,177,
15,180,
15,183,
15,187,
15,189,
15,194,
15,198,
16,18,
16,20,
16,22,
16,23,
16,26,
16,30,
16,35,
16,37,
16,39,
16,42,
16,44,
16,47,
16,50,
16,56,
16,67,
16,71,
16,72,
16,74,
16,75,
16,76,
16,77,
16,81,
16,84,
16,89,
16,92,
16,94,
16,97,
16,99,
16,102,
16,103,
16,104,
16,106,
16,110,
16,111,
16,116,
16,117,
16,121,
16,123,
16,125,
16,130,
16,132,
16,133,
16,136,
16,137,
16,139,
16,140,
16,146,
16,149,
16,150,
16,156,
16,160,
16,165,
16,167,
16,169,
16,183,
16,189,
16,190,
16,191,
16,196,
17,18,
17,19,
17,20,
17,23,
17,25,
17,27,
17,32,
17,33,
17,36,
17,43,
17,44,
17,51,
17,54,
17,56,
17,61,
17,66,
17,68,
17,76,
17,78,
17,79,
17,80,
17,86,
17,94,
17,102,
17,104,
17,105,
17,106,
17,108,
17,112,
17,117,
17,118,
17,121,
17,128,
17,135,
17,143,
17,144,
17,149,
17,159,
17,163,
17,167,
17,170,
17,173,
17,177,
17,181,
17,183,
17,189,
17,192,
17,195,
17,198,
18,19,
18,26,
18,31,
18,40,
18,41,
18,54,
18,57,
18,60,
18,63,
18,74,
18,75,
18,85,
18,86,
18,89,
18,91,
18,100,
18,103,
18,110,
18,118,
18,126,
18,128,
18,129,
18,131,
18,136,
18,137,
18,143,
18,146,
18,148,
18,151,
18,157,
18,159,
18,164,
18,166,
18,168,
18,174,
18,175,
18,181,
18,183,
18,184,
18,185,
18,189,
18,191,
18,192,
19,21,
19,23,
19,34,
19,38,
19,39,
19,40,
19,53,
19,55,
19,61,
19,62,
19,66,
19,74,
19,76,
19,77,
19,80,
19,85,
19,87,
19,92,
19,94,
19,97,
19,98,
19,100,
19,101,
19,102,
19,106,
19,111,
19,113,
19,115,
19,117,
19,120,
19,122,
19,128,
19,141,
19,142,
19,144,
19,150,
19,153,
19,155,
19,156,
19,159,
19,168,
19,169,
19,173,
19,176,
19,180,
19,182,
19,185,
19,196,
19,198,
19,199,
20,21,
20,22,
20,40,
20,46,
20,48,
20,56,
20,57,
20,60,
20,62,
20,63,
20,66,
20,69,
20,71,
20,72,
20,76,
20,77,
20,84,
20,88,
20,90,
20,96,
20,110,
20,112,
20,129,
20,133,
20,134,
20,138,
20,143,
20,146,
20,147,
20,160,
20,163,
20,171,
20,174,
20,180,
20,187,
20,190,
20,192,
20,193,
20,195,
21,24,
21,28,
21,29,
21,32,
21,42,
21,45,
21,53,
21,60,
21,62,
21,65,
21,67,
21,70,
21,72,
21,74,
21,80,
21,86,
21,91,
21,99,
21,101,
21,105,
21,107,
21,108,
21,113,
21,114,
21,115,
21,122,
21,123,
21,125,
21,127,
21,133,
21,137,
21,143,
21,145,
21,152,
21,154,
21,156,
21,159,
21,160,
21,163,
21,167,
21,168,
21,169,
21,172,
21,174,
21,182,
21,183,
21,186,
21,188,
21,191,
21,195,
22,33,
22,35,
22,37,
22,49,
22,51,
22,58,
22,59,
22,61,
22,69,
22,71,
22,73,
22,74,
22,84,
22,85,
22,86,
22,104,
22,110,
22,120,
22,122,
22,134,
22,141,
22,142,
22,144,
22,145,
22,169,
22,171,
22,176,
22,182,
22,189,
22,193,
22,194,
22,196,
23,28,
23,29,
23,36,
23,40,
23,42,
23,43,
23,44,
23,46,
23,50,
23,52,
23,53,
23,60,
23,62,
23,63,
23,79,
23,82,
23,83,
23,95,
23,109,
23,112,
23,116,
23,117,
23,119,
23,123,
23,125,
23,129,
23,134,
23,140,
23,141,
23,142,
23,145,
23,146,
23,151,
23,154,
23,162,
23,164,
23,169,
23,173,
23,192,
23,196,
24,26,
24,29,
24,41,
24,52,
24,54,
24,61,
24,63,
24,73,
24,77,
24,79,
24,91,
24,95,
24,101,
24,102,
24,103,
24,104,
24,112,
24,113,
24,116,
24,123,
24,129,
24,134,
24,139,
24,140,
24,141,
24,146,
24,148,
24,151,
24,153,
24,160,
24,163,
24,170,
24,176,
24,177,
24,181,
24,182,
24,185,
24,196,
24,197,
24,198,
25,32,
25,35,
25,38,
25,39,
25,41,
25,45,
25,46,
25,47,
25,54,
25,60,
25,61,
25,64,
25,65,
25,70,
25,72,
25,79,
25,82,
25,85,
25,88,
25,89,
25,90,
25,93,
25,97,
25,99,
25,106,
25,112,
25,116,
25,124,
25,125,
25,128,
25,132,
25,135,
25,136,
25,139,
25,143,
25,144,
25,145,
25,146,
25,148,
25,149,
25,150,
25,152,
25,154,
25,158,
25,161,
25,164,
25,165,
25,166,
25,174,
25,177,
25,181,
25,187,
25,189,
25,191,
25,199,
26,35,
26,41,
26,47,
26,48,
26,51,
26,52,
26,58,
26,63,
26,67,
26,77,
26,78,
26,79,
26,94,
26,104,
26,110,
26,113,
26,117,
26,132,
26,139,
26,141,
26,142,
26,151,
26,156,
26,166,
26,167,
26,177,
26,178,
26,181,
26,187,
26,189,
26,190,
26,195,
26,199,
27,33,
27,34,
27,35,
27,38,
27,51,
27,58,
27,59,
27,66,
27,71,
27,72,
27,74,
27,75,
27,87,
27,89,
27,97,
27,98,
27,107,
27,108,
27,111,
27,122,
27,123,
27,129,
27,131,
27,141,
27,144,
27,153,
27,156,
27,161,
27,163,
27,167,
27,180,
27,182,
27,189,
27,190,
27,191,
27,193,
27,195,
28,29,
28,30,
28,40,
28,47,
28,49,
28,54,
28,58,
28,64,
28,71,
28,74,
28,77,
28,81,
28,82,
28,84,
28,85,
28,90,
28,91,
28,92,
28,97,
28,99,
28,100,
28,101,
28,103,
28,109,
28,111,
28,113,
28,114,
28,115,
28,117,
28,118,
28,123,
28,124,
28,126,
28,136,
28,140,
28,149,
28,166,
28,169,
28,171,
28,174,
28,184,
28,191,
28,193,
28,199,
29,31,
29,32,
29,38,
29,44,
29,46,
29,49,
29,51,
29,52,
29,58,
29,60,
29,62,
29,70,
29,73,
29,89,
29,93,
29,102,
29,103,
29,110,
29,111,
29,116,
29,120,
29,122,
29,124,
29,125,
29,129,
29,137,
29,139,
29,155,
29,162,
29,165,
29,166,
29,170,
29,171,
29,172,
29,174,
29,175,
29,177,
29,182,
29,183,
29,184,
29,196,
29,198,
30,34,
30,39,
30,40,
30,44,
30,45,
30,46,
30,50,
30,56,
30,61,
30,71,
30,73,
30,77,
30,78,
30,79,
30,82,
30,83,
30,85,
30,92,
30,93,
30,100,
30,102,
30,105,
30,108,
30,111,
30,115,
30,116,
30,122,
30,125,
30,127,
30,133,
30,142,
30,145,
30,147,
30,148,
30,154,
30,156,
30,160,
30,162,
30,168,
30,169,
30,170,
30,171,
30,178,
30,180,
30,182,
30,187,
30,188,
30,189,
30,197,
30,198,
31,32,
31,34,
31,35,
31,38,
31,43,
31,46,
31,50,
31,56,
31,63,
31,73,
31,74,
31,75,
31,79,
31,81,
31,90,
31,94,
31,96,
31,104,
31,106,
31,107,
31,108,
31,115,
31,117,
31,118,
31,119,
31,128,
31,131,
31,135,
31,139,
31,142,
31,144,
31,147,
31,149,
31,155,
31,156,
31,157,
31,159,
31,161,
31,164,
31,167,
31,168,
31,173,
31,174,
31,176,
31,181,
31,187,
31,188,
31,189,
31,190,
31,195,
31,197,
31,199,
32,34,
32,35,
32,37,
32,42,
32,47,
32,48,
32,49,
32,50,
32,51,
32,59,
32,62,
32,63,
32,68,
32,69,
32,70,
32,76,
32,80,
32,84,
32,88,
32,101,
32,103,
32,110,
32,111,
32,112,
32,115,
32,120,
32,126,
32,127,
32,128,
32,131,
32,135,
32,136,
32,137,
32,138,
32,140,
32,143,
32,144,
32,150,
32,151,
32,154,
32,158,
32,160,
32,161,
32,164,
32,173,
32,189,
33,35,
33,37,
33,53,
33,54,
33,55,
33,72,
33,74,
33,79,
33,80,
33,82,
33,83,
33,91,
33,95,
33,103,
33,105,
33,107,
33,117,
33,119,
33,122,
33,125,
33,127,
33,130,
33,135,
33,139,
33,140,
33,141,
33,146,
33,151,
33,155,
33,165,
33,169,
33,175,
33,179,
33,180,
33,183,
33,192,
33,193,
33,197,
34,38,
34,47,
34,53,
34,54,
34,55,
34,59,
34,62,
34,69,
34,71,
34,77,
34,78,
34,82,
34,83,
34,85,
34,86,
34,87,
34,91,
34,96,
34,100,
34,101,
34,106,
34,107,
34,111,
34,112,
34,114,
34,126,
34,127,
34,128,
34,133,
34,138,
34,139,
34,141,
34,144,
34,146,
34,155,
34,158,
34,163,
34,165,
34,169,
34,172,
34,176,
34,178,
34,180,
34,181,
34,183,
34,185,
34,189,
34,195,
34,197,
34,199,
35,37,
35,44,
35,55,
35,56,
35,58,
35,59,
35,64,
35,65,
35,71,
35,74,
35,75,
35,76,
35,81,
35,82,
35,83,
35,87,
35,97,
35,102,
35,106,
35,112,
35,122,
35,128,
35,129,
35,130,
35,132,
35,134,
35,137,
35,138,
35,139,
35,140,
35,143,
35,156,
35,159,
35,163,
35,169,
35,171,
35,173,
35,174,
35,197,
36,38,
36,46,
36,50,
36,60,
36,64,
36,69,
36,70,
36,74,
36,75,
36,77,
36,78,
36,79,
36,80,
36,81,
36,84,
36,88,
36,90,
36,93,
36,100,
36,102,
36,103,
36,106,
36,112,
36,121,
36,125,
36,132,
36,134,
36,153,
36,155,
36,157,
36,159,
36,160,
36,163,
36,166,
36,168,
36,169,
36,174,
36,184,
36,191,
36,193,
36,195,
36,196,
37,51,
37,55,
37,57,
37,59,
37,62,
37,65,
37,66,
37,70,
37,82,
37,83,
37,86,
37,91,
37,93,
37,101,
37,103,
37,106,
37,107,
37,110,
37,111,
37,113,
37,117,
37,136,
37,138,
37,140,
37,149,
37,153,
37,156,
37,158,
37,161,
37,166,
37,170,
37,172,
37,175,
37,176,
37,190,
37,193,
37,197,
37,198,
38,41,
38,45,
38,46,
38,47,
38,55,
38,59,
38,67,
38,68,
38,73,
38,74,
38,75,
38,78,
38,79,
38,81,
38,82,
38,83,
38,85,
38,86,
38,96,
38,97,
38,100,
38,108,
38,109,
38,110,
38,114,
38,119,
38,122,
38,130,
38,131,
38,136,
38,138,
38,140,
38,143,
38,144,
38,145,
38,155,
38,157,
38,159,
38,163,
38,167,
38,170,
38,172,
38,173,
38,176,
38,181,
38,190,
38,191,
38,197,
39,40,
39,41,
39,45,
39,54,
39,57,
39,60,
39,65,
39,67,
39,70,
39,74,
39,79,
39,83,
39,84,
39,85,
39,87,
39,92,
39,96,
39,97,
39,98,
39,100,
39,102,
39,103,
39,104,
39,111,
39,115,
39,116,
39,120,
39,122,
39,125,
39,129,
39,134,
39,137,
39,139,
39,143,
39,144,
39,145,
39,150,
39,151,
39,152,
39,153,
39,157,
39,162,
39,166,
39,174,
39,177,
39,178,
39,179,
39,180,
39,184,
39,189,
39,190,
39,192,
39,197,
39,198,
40,48,
40,49,
40,52,
40,57,
40,58,
40,59,
40,64,
40,67,
40,76,
40,82,
40,85,
40,100,
40,107,
40,109,
40,113,
40,116,
40,117,
40,122,
40,124,
40,125,
40,127,
40,128,
40,129,
40,130,
40,131,
40,135,
40,136,
40,137,
40,149,
40,151,
40,154,
40,159,
40,161,
40,163,
40,164,
40,166,
40,167,
40,168,
40,172,
40,180,
40,188,
40,189,
40,196,
41,52,
41,57,
41,62,
41,66,
41,70,
41,72,
41,74,
41,77,
41,79,
41,83,
41,84,
41,86,
41,101,
41,109,
41,110,
41,115,
41,125,
41,126,
41,129,
41,132,
41,136,
41,137,
41,150,
41,160,
41,161,
41,165,
41,171,
41,173,
41,178,
41,185,
41,187,
41,191,
41,194,
41,198,
41,199,
42,45,
42,51,
42,63,
42,71,
42,79,
42,80,
42,83,
42,96,
42,104,
42,109,
42,111,
42,112,
42,115,
42,120,
42,126,
42,131,
42,132,
42,142,
42,154,
42,157,
42,168,
42,169,
42,171,
42,172,
42,173,
42,182,
42,183,
42,184,
42,186,
42,194,
42,197,
42,198,
43,45,
43,50,
43,51,
43,58,
43,59,
43,62,
43,64,
43,67,
43,68,
43,81,
43,84,
43,87,
43,88,
43,90,
43,95,
43,97,
43,101,
43,102,
43,112,
43,114,
43,119,
43,121,
43,128,
43,137,
43,138,
43,139,
43,144,
43,148,
43,152,
43,155,
43,159,
43,160,
43,164,
43,165,
43,166,
43,176,
43,177,
43,180,
43,181,
43,184,
43,192,
43,194,
43,199,
44,51,
44,60,
44,67,
44,74,
44,78,
44,80,
44,87,
44,94,
44,102,
44,103,
44,108,
44,110,
44,112,
44,120,
44,124,
44,129,
44,135,
44,139,
44,151,
44,155,
44,158,
44,163,
44,168,
44,174,
44,179,
44,184,
44,186,
44,191,
44,194,
44,198,
45,48,
45,49,
45,55,
45,56,
45,63,
45,65,
45,80,
45,82,
45,84,
45,88,
45,112,
45,116,
45,117,
45,119,
45,120,
45,121,
45,123,
45,127,
45,141,
45,153,
45,154,
45,157,
45,158,
45,160,
45,171,
45,174,
45,184,
45,185,
45,188,
45,198,
46,49,
46,61,
46,67,
46,78,
46,79,
46,83,
46,84,
46,85,
46,87,
46,88,
46,92,
46,104,
46,105,
46,109,
46,113,
46,114,
46,121,
46,122,
46,125,
46,126,
46,128,
46,135,
46,138,
46,152,
46,154,
46,157,
46,161,
46,162,
46,165,
46,169,
46,172,
46,173,
46,181,
46,182,
46,183,
46,186,
46,191,
46,196,
47,53,
47,63,
47,68,
47,69,
47,71,
47,73,
47,76,
47,78,
47,79,
47,81,
47,85,
47,86,
47,89,
47,93,
47,99,
47,100,
47,101,
47,104,
47,108,
47,124,
47,132,
47,133,
47,140,
47,144,
47,150,
47,154,
47,158,
47,159,
47,164,
47,175,
47,176,
47,180,
47,185,
47,187,
47,190,
47,191,
47,193,
47,199,
48,52,
48,56,
48,65,
48,79,
48,80,
48,83,
48,85,
48,93,
48,94,
48,102,
48,104,
48,106,
48,109,
48,115,
48,116,
48,117,
48,120,
48,121,
48,128,
48,130,
48,138,
48,140,
48,142,
48,143,
48,147,
48,153,
48,163,
48,164,
48,170,
48,172,
48,174,
48,184,
48,193,
48,195,
48,196,
48,197,
48,199,
49,52,
49,53,
49,59,
49,61,
49,62,
49,69,
49,70,
49,72,
49,74,
49,80,
49,90,
49,94,
49,101,
49,104,
49,107,
49,111,
49,118,
49,119,
49,120,
49,125,
49,128,
49,129,
49,131,
49,132,
49,133,
49,134,
49,137,
49,138,
49,147,
49,149,
49,155,
49,156,
49,164,
49,165,
49,168,
49,175,
49,178,
49,180,
49,182,
49,183,
49,187,
49,190,
49,193,
50,53,
50,54,
50,56,
50,63,
50,71,
50,77,
50,80,
50,81,
50,83,
50,84,
50,86,
50,89,
50,93,
50,96,
50,100,
50,107,
50,114,
50,116,
50,118,
50,125,
50,132,
50,136,
50,139,
50,147,
50,154,
50,171,
50,173,
50,175,
50,176,
50,178,
50,182,
50,184,
51,52,
51,54,
51,57,
51,59,
51,65,
51,69,
51,70,
51,77,
51,78,
51,81,
51,84,
51,86,
51,93,
51,98,
51,107,
51,108,
51,114,
51,119,
51,121,
51,126,
51,129,
51,133,
51,145,
51,148,
51,151,
51,152,
51,159,
51,166,
51,173,
51,175,
51,176,
51,184,
51,191,
51,199,
52,53,
52,55,
52,57,
52,65,
52,66,
52,67,
52,70,
52,71,
52,72,
52,81,
52,88,
52,92,
52,96,
52,106,
52,107,
52,112,
52,117,
52,118,
52,119,
52,128,
52,130,
52,131,
52,138,
52,139,
52,143,
52,152,
52,157,
52,159,
52,161,
52,164,
52,165,
52,167,
52,169,
52,171,
52,177,
52,188,
52,197,
52,199,
53,56,
53,60,
53,62,
53,63,
53,68,
53,73,
53,75,
53,79,
53,82,
53,84,
53,88,
53,91,
53,104,
53,106,
53,109,
53,117,
53,121,
53,123,
53,127,
53,132,
53,135,
53,136,
53,140,
53,142,
53,144,
53,147,
53,149,
53,154,
53,159,
53,163,
53,164,
53,171,
53,176,
53,178,
53,182,
53,184,
53,186,
53,188,
53,189,
53,191,
53,192,
53,194,
53,195,
53,198,
54,56,
54,58,
54,69,
54,75,
54,81,
54,82,
54,83,
54,85,
54,87,
54,91,
54,92,
54,94,
54,96,
54,100,
54,104,
54,107,
54,108,
54,124,
54,126,
54,132,
54,133,
54,138,
54,139,
54,141,
54,149,
54,155,
54,162,
54,165,
54,170,
54,176,
54,178,
54,197,
55,59,
55,61,
55,73,
55,75,
55,76,
55,77,
55,78,
55,79,
55,84,
55,91,
55,93,
55,95,
55,96,
55,100,
55,102,
55,104,
55,107,
55,110,
55,112,
55,113,
55,120,
55,124,
55,128,
55,129,
55,132,
55,133,
55,144,
55,152,
55,158,
55,163,
55,164,
55,166,
55,170,
55,175,
55,178,
55,179,
55,187,
55,194,
55,197,
55,199,
56,60,
56,70,
56,72,
56,76,
56,81,
56,84,
56,85,
56,89,
56,91,
56,102,
56,103,
56,106,
56,112,
56,119,
56,132,
56,140,
56,143,
56,148,
56,149,
56,151,
56,152,
56,153,
56,155,
56,158,
56,165,
56,166,
56,168,
56,173,
56,175,
56,178,
56,183,
56,184,
56,190,
57,63,
57,65,
57,70,
57,74,
57,78,
57,102,
57,103,
57,108,
57,109,
57,124,
57,130,
57,132,
57,135,
57,148,
57,150,
57,156,
57,157,
57,159,
57,163,
57,170,
57,172,
57,177,
57,186,
57,195,
57,198,
57,199,
58,60,
58,77,
58,81,
58,83,
58,85,
58,87,
58,96,
58,97,
58,102,
58,103,
58,106,
58,107,
58,109,
58,118,
58,129,
58,141,
58,149,
58,150,
58,152,
58,154,
58,158,
58,161,
58,162,
58,166,
58,171,
58,177,
58,178,
58,186,
58,189,
58,190,
58,192,
58,195,
58,197,
58,199,
59,62,
59,67,
59,72,
59,75,
59,84,
59,87,
59,89,
59,95,
59,101,
59,105,
59,106,
59,110,
59,111,
59,112,
59,114,
59,115,
59,119,
59,122,
59,124,
59,126,
59,130,
59,133,
59,134,
59,135,
59,140,
59,141,
59,142,
59,145,
59,148,
59,154,
59,155,
59,160,
59,167,
59,169,
59,171,
59,173,
59,174,
60,76,
60,83,
60,86,
60,87,
60,88,
60,91,
60,96,
60,101,
60,102,
60,109,
60,110,
60,114,
60,115,
60,116,
60,125,
60,127,
60,138,
60,139,
60,148,
60,149,
60,156,
60,158,
60,159,
60,163,
60,165,
60,167,
60,169,
60,173,
60,175,
60,177,
60,180,
60,187,
60,191,
60,196,
60,198,
61,65,
61,75,
61,81,
61,85,
61,91,
61,92,
61,99,
61,102,
61,111,
61,114,
61,119,
61,121,
61,127,
61,130,
61,132,
61,140,
61,142,
61,143,
61,149,
61,150,
61,154,
61,157,
61,158,
61,160,
61,168,
61,169,
61,173,
61,176,
61,178,
61,179,
61,183,
61,191,
61,193,
62,67,
62,68,
62,73,
62,74,
62,80,
62,87,
62,90,
62,92,
62,93,
62,95,
62,96,
62,103,
62,106,
62,116,
62,117,
62,121,
62,123,
62,124,
62,125,
62,126,
62,130,
62,138,
62,139,
62,140,
62,144,
62,148,
62,149,
62,152,
62,154,
62,155,
62,170,
62,173,
62,178,
62,179,
62,183,
62,191,
62,195,
63,68,
63,75,
63,81,
63,82,
63,84,
63,88,
63,89,
63,91,
63,92,
63,93,
63,106,
63,110,
63,111,
63,112,
63,117,
63,120,
63,124,
63,134,
63,135,
63,136,
63,138,
63,139,
63,142,
63,146,
63,150,
63,153,
63,154,
63,155,
63,156,
63,157,
63,160,
63,172,
63,182,
63,183,
63,184,
63,189,
63,192,
63,194,
64,77,
64,80,
64,83,
64,89,
64,94,
64,106,
64,107,
64,112,
64,113,
64,117,
64,118,
64,122,
64,133,
64,140,
64,145,
64,146,
64,151,
64,162,
64,164,
64,165,
64,168,
64,176,
64,183,
64,184,
64,196,
64,199,
65,66,
65,71,
65,74,
65,76,
65,87,
65,88,
65,89,
65,90,
65,92,
65,97,
65,101,
65,103,
65,109,
65,114,
65,120,
65,123,
65,125,
65,137,
65,140,
65,142,
65,145,
65,146,
65,147,
65,150,
65,151,
65,152,
65,154,
65,158,
65,170,
65,171,
65,172,
65,173,
65,176,
65,177,
65,179,
65,186,
65,191,
65,192,
65,194,
65,198,
66,68,
66,69,
66,74,
66,79,
66,83,
66,84,
66,94,
66,95,
66,96,
66,98,
66,101,
66,103,
66,104,
66,117,
66,120,
66,121,
66,130,
66,133,
66,135,
66,138,
66,139,
66,140,
66,143,
66,157,
66,159,
66,162,
66,168,
66,172,
66,176,
66,180,
66,190,
66,191,
66,192,
66,196,
67,68,
67,76,
67,82,
67,85,
67,90,
67,95,
67,98,
67,102,
67,103,
67,109,
67,110,
67,114,
67,115,
67,117,
67,119,
67,124,
67,127,
67,142,
67,146,
67,150,
67,153,
67,156,
67,157,
67,158,
67,159,
67,161,
67,162,
67,171,
67,175,
67,176,
67,186,
67,190,
67,191,
67,194,
68,70,
68,79,
68,80,
68,85,
68,88,
68,89,
68,92,
68,94,
68,97,
68,102,
68,106,
68,111,
68,113,
68,116,
68,121,
68,122,
68,129,
68,147,
68,149,
68,152,
68,153,
68,157,
68,158,
68,161,
68,162,
68,167,
68,172,
69,74,
69,76,
69,84,
69,86,
69,94,
69,100,
69,107,
69,109,
69,117,
69,118,
69,119,
69,120,
69,123,
69,124,
69,131,
69,133,
69,134,
69,136,
69,137,
69,138,
69,145,
69,149,
69,150,
69,151,
69,156,
69,159,
69,161,
69,162,
69,164,
69,172,
69,174,
69,175,
69,179,
69,183,
69,187,
69,195,
69,196,
69,198,
69,199,
70,79,
70,80,
70,81,
70,84,
70,89,
70,95,
70,101,
70,103,
70,106,
70,107,
70,108,
70,110,
70,112,
70,120,
70,121,
70,124,
70,128,
70,134,
70,136,
70,138,
70,139,
70,141,
70,143,
70,150,
70,154,
70,158,
70,161,
70,162,
70,163,
70,165,
70,167,
70,168,
70,174,
70,178,
70,182,
70,190,
70,195,
70,197,
70,199,
71,77,
71,86,
71,87,
71,93,
71,99,
71,102,
71,105,
71,108,
71,110,
71,115,
71,116,
71,118,
71,121,
71,122,
71,123,
71,124,
71,125,
71,132,
71,136,
71,143,
71,147,
71,148,
71,149,
71,157,
71,159,
71,160,
71,161,
71,163,
71,164,
71,165,
71,169,
71,170,
71,174,
71,175,
71,184,
71,195,
71,196,
71,198,
72,76,
72,84,
72,91,
72,102,
72,104,
72,106,
72,108,
72,110,
72,113,
72,115,
72,116,
72,118,
72,119,
72,123,
72,128,
72,131,
72,133,
72,135,
72,136,
72,139,
72,141,
72,142,
72,143,
72,144,
72,147,
72,149,
72,151,
72,153,
72,156,
72,164,
72,168,
72,169,
72,176,
72,179,
72,180,
72,182,
72,185,
72,187,
72,195,
73,78,
73,81,
73,82,
73,94,
73,100,
73,101,
73,103,
73,104,
73,119,
73,122,
73,123,
73,129,
73,133,
73,134,
73,142,
73,153,
73,156,
73,158,
73,168,
73,171,
73,173,
73,174,
73,175,
73,176,
73,178,
73,182,
73,186,
73,190,
73,197,
74,82,
74,85,
74,89,
74,91,
74,95,
74,111,
74,114,
74,115,
74,117,
74,121,
74,127,
74,133,
74,143,
74,144,
74,150,
74,154,
74,155,
74,167,
74,175,
74,181,
74,187,
74,189,
74,190,
74,191,
74,195,
75,76,
75,79,
75,82,
75,88,
75,90,
75,92,
75,98,
75,100,
75,102,
75,110,
75,119,
75,121,
75,124,
75,126,
75,128,
75,133,
75,135,
75,138,
75,140,
75,146,
75,149,
75,163,
75,179,
75,184,
75,188,
75,194,
75,199,
76,79,
76,82,
76,87,
76,90,
76,91,
76,92,
76,102,
76,105,
76,111,
76,115,
76,121,
76,123,
76,126,
76,130,
76,132,
76,139,
76,142,
76,160,
76,161,
76,167,
76,168,
76,171,
76,176,
76,183,
76,189,
76,194,
76,195,
77,82,
77,90,
77,94,
77,99,
77,107,
77,113,
77,121,
77,124,
77,128,
77,129,
77,130,
77,131,
77,139,
77,140,
77,141,
77,144,
77,150,
77,156,
77,157,
77,158,
77,165,
77,169,
77,172,
77,177,
77,180,
77,186,
77,187,
77,190,
77,191,
77,193,
77,194,
78,80,
78,86,
78,91,
78,94,
78,104,
78,112,
78,117,
78,128,
78,129,
78,131,
78,132,
78,133,
78,135,
78,139,
78,140,
78,143,
78,144,
78,155,
78,164,
78,168,
78,173,
78,184,
78,187,
78,188,
78,193,
78,196,
78,198,
79,81,
79,82,
79,88,
79,89,
79,92,
79,93,
79,101,
79,103,
79,105,
79,109,
79,115,
79,117,
79,118,
79,119,
79,121,
79,122,
79,124,
79,126,
79,127,
79,128,
79,131,
79,135,
79,136,
79,140,
79,142,
79,148,
79,149,
79,150,
79,155,
79,162,
79,163,
79,170,
79,174,
79,175,
79,176,
79,188,
79,190,
79,193,
79,199,
80,83,
80,92,
80,96,
80,98,
80,99,
80,101,
80,105,
80,106,
80,109,
80,114,
80,115,
80,130,
80,154,
80,155,
80,156,
80,158,
80,163,
80,164,
80,168,
80,169,
80,171,
80,179,
80,180,
80,194,
80,197,
81,93,
81,95,
81,97,
81,103,
81,105,
81,107,
81,118,
81,119,
81,134,
81,135,
81,138,
81,146,
81,153,
81,160,
81,161,
81,173,
81,182,
81,189,
81,193,
81,195,
81,197,
81,198,
82,99,
82,101,
82,103,
82,104,
82,109,
82,114,
82,118,
82,119,
82,121,
82,124,
82,126,
82,130,
82,136,
82,139,
82,144,
82,147,
82,153,
82,157,
82,165,
82,167,
82,168,
82,173,
82,175,
82,182,
82,183,
82,187,
82,189,
82,195,
82,198,
83,99,
83,102,
83,104,
83,114,
83,115,
83,120,
83,121,
83,123,
83,124,
83,125,
83,126,
83,127,
83,129,
83,132,
83,142,
83,145,
83,147,
83,155,
83,159,
83,160,
83,161,
83,166,
83,168,
83,170,
83,171,
83,172,
83,185,
83,189,
83,190,
83,193,
83,197,
83,198,
84,86,
84,89,
84,92,
84,104,
84,108,
84,110,
84,114,
84,115,
84,117,
84,125,
84,127,
84,128,
84,131,
84,142,
84,153,
84,162,
84,164,
84,169,
84,170,
84,177,
84,178,
84,180,
84,190,
84,191,
84,196,
85,87,
85,88,
85,91,
85,92,
85,100,
85,105,
85,107,
85,114,
85,118,
85,121,
85,122,
85,131,
85,133,
85,138,
85,142,
85,149,
85,152,
85,159,
85,166,
85,168,
85,170,
85,171,
85,184,
85,185,
85,187,
85,189,
85,192,
85,193,
85,196,
86,90,
86,91,
86,93,
86,94,
86,95,
86,96,
86,104,
86,111,
86,114,
86,118,
86,119,
86,122,
86,129,
86,133,
86,134,
86,136,
86,144,
86,145,
86,146,
86,150,
86,151,
86,156,
86,162,
86,165,
86,168,
86,169,
86,171,
86,172,
86,175,
86,180,
86,183,
86,188,
86,195,
86,196,
86,197,
86,199,
87,89,
87,91,
87,94,
87,97,
87,99,
87,100,
87,106,
87,108,
87,109,
87,110,
87,111,
87,117,
87,118,
87,119,
87,121,
87,122,
87,124,
87,136,
87,137,
87,139,
87,141,
87,142,
87,143,
87,146,
87,161,
87,162,
87,164,
87,168,
87,174,
87,178,
87,181,
87,186,
87,193,
87,194,
87,195,
87,199,
88,92,
88,93,
88,95,
88,96,
88,100,
88,101,
88,102,
88,114,
88,116,
88,117,
88,118,
88,120,
88,125,
88,128,
88,130,
88,131,
88,136,
88,149,
88,154,
88,155,
88,159,
88,162,
88,175,
88,176,
88,177,
88,182,
88,185,
88,191,
88,193,
88,194,
88,197,
89,101,
89,108,
89,117,
89,119,
89,120,
89,121,
89,126,
89,129,
89,130,
89,134,
89,137,
89,148,
89,149,
89,151,
89,162,
89,164,
89,165,
89,170,
89,174,
89,175,
89,179,
89,181,
89,183,
89,191,
89,193,
89,198,
90,91,
90,94,
90,96,
90,97,
90,100,
90,103,
90,108,
90,114,
90,130,
90,133,
90,135,
90,140,
90,149,
90,165,
90,166,
90,168,
90,169,
90,179,
90,182,
90,185,
90,187,
90,192,
90,193,
90,194,
90,195,
90,196,
91,97,
91,102,
91,103,
91,106,
91,113,
91,114,
91,119,
91,120,
91,122,
91,131,
91,132,
91,140,
91,142,
91,145,
91,147,
91,148,
91,150,
91,151,
91,156,
91,163,
91,165,
91,167,
91,169,
91,172,
91,178,
91,186,
91,192,
92,93,
92,95,
92,102,
92,103,
92,106,
92,108,
92,119,
92,122,
92,123,
92,132,
92,138,
92,143,
92,146,
92,150,
92,151,
92,153,
92,161,
92,166,
92,182,
92,183,
92,187,
92,197,
93,95,
93,98,
93,102,
93,108,
93,111,
93,112,
93,115,
93,116,
93,119,
93,120,
93,121,
93,134,
93,137,
93,150,
93,151,
93,155,
93,161,
93,163,
93,164,
93,171,
93,172,
93,175,
93,177,
93,181,
93,184,
93,186,
93,189,
93,192,
94,103,
94,113,
94,117,
94,118,
94,119,
94,123,
94,124,
94,130,
94,135,
94,137,
94,138,
94,139,
94,140,
94,151,
94,152,
94,154,
94,155,
94,157,
94,158,
94,161,
94,167,
94,169,
94,175,
94,178,
94,182,
94,185,
94,188,
94,193,
94,194,
94,195,
94,199,
95,97,
95,104,
95,107,
95,108,
95,110,
95,112,
95,120,
95,134,
95,137,
95,139,
95,153,
95,171,
95,174,
95,184,
95,185,
95,186,
95,188,
95,189,
95,190,
95,191,
95,195,
95,196,
95,199,
96,97,
96,98,
96,103,
96,108,
96,109,
96,111,
96,114,
96,116,
96,119,
96,120,
96,122,
96,127,
96,128,
96,132,
96,134,
96,135,
96,138,
96,140,
96,141,
96,142,
96,144,
96,147,
96,148,
96,155,
96,157,
96,161,
96,163,
96,164,
96,169,
96,170,
96,174,
96,182,
96,187,
96,192,
96,195,
96,196,
97,107,
97,117,
97,119,
97,126,
97,128,
97,130,
97,131,
97,140,
97,141,
97,144,
97,145,
97,149,
97,173,
97,181,
97,185,
97,186,
97,187,
97,188,
97,193,
97,194,
97,197,
98,100,
98,101,
98,103,
98,105,
98,106,
98,117,
98,124,
98,125,
98,127,
98,133,
98,139,
98,142,
98,144,
98,147,
98,149,
98,151,
98,153,
98,155,
98,159,
98,162,
98,175,
98,176,
98,183,
98,186,
98,187,
98,189,
98,190,
98,197,
99,104,
99,106,
99,108,
99,109,
99,110,
99,113,
99,114,
99,133,
99,135,
99,136,
99,138,
99,142,
99,147,
99,152,
99,160,
99,161,
99,164,
99,174,
99,182,
99,184,
99,195,
99,196,
99,199,
100,108,
100,112,
100,113,
100,114,
100,116,
100,119,
100,126,
100,127,
100,130,
100,132,
100,134,
100,145,
100,146,
100,147,
100,148,
100,150,
100,155,
100,158,
100,168,
100,169,
100,175,
100,177,
100,178,
100,187,
100,190,
100,192,
101,106,
101,108,
101,110,
101,113,
101,116,
101,118,
101,123,
101,128,
101,129,
101,131,
101,135,
101,136,
101,149,
101,150,
101,152,
101,159,
101,160,
101,164,
101,166,
101,175,
101,185,
101,189,
101,190,
101,195,
101,198,
102,108,
102,111,
102,112,
102,115,
102,117,
102,123,
102,125,
102,131,
102,137,
102,145,
102,147,
102,148,
102,151,
102,159,
102,160,
102,162,
102,163,
102,165,
102,167,
102,169,
102,173,
102,175,
102,179,
102,180,
102,185,
102,187,
102,196,
103,105,
103,108,
103,109,
103,111,
103,112,
103,116,
103,130,
103,137,
103,139,
103,140,
103,145,
103,146,
103,148,
103,158,
103,160,
103,162,
103,163,
103,166,
103,168,
103,171,
103,177,
103,180,
103,185,
103,187,
104,105,
104,107,
104,108,
104,109,
104,116,
104,119,
104,120,
104,126,
104,130,
104,131,
104,132,
104,146,
104,152,
104,153,
104,156,
104,157,
104,158,
104,160,
104,161,
104,163,
104,166,
104,167,
104,174,
104,184,
104,192,
104,193,
104,195,
104,197,
105,108,
105,109,
105,112,
105,114,
105,115,
105,124,
105,129,
105,130,
105,135,
105,145,
105,146,
105,151,
105,153,
105,158,
105,160,
105,161,
105,164,
105,167,
105,173,
105,177,
105,180,
105,182,
105,184,
105,185,
105,186,
105,188,
105,192,
105,194,
106,108,
106,112,
106,114,
106,117,
106,132,
106,140,
106,142,
106,145,
106,146,
106,149,
106,155,
106,156,
106,157,
106,160,
106,166,
106,173,
106,174,
106,175,
106,180,
106,181,
106,184,
106,185,
106,193,
106,196,
106,197,
106,199,
107,109,
107,112,
107,115,
107,116,
107,128,
107,139,
107,142,
107,148,
107,149,
107,151,
107,154,
107,156,
107,160,
107,163,
107,175,
107,179,
107,182,
107,183,
107,186,
107,195,
107,197,
108,113,
108,114,
108,119,
108,123,
108,126,
108,133,
108,137,
108,140,
108,143,
108,145,
108,152,
108,153,
108,159,
108,172,
108,185,
108,192,
108,194,
108,199,
109,118,
109,122,
109,131,
109,132,
109,135,
109,137,
109,139,
109,141,
109,143,
109,147,
109,149,
109,153,
109,160,
109,162,
109,164,
109,171,
109,174,
109,176,
109,177,
109,181,
109,185,
109,188,
109,190,
109,196,
109,197,
109,199,
110,119,
110,120,
110,122,
110,127,
110,129,
110,131,
110,133,
110,135,
110,138,
110,140,
110,141,
110,145,
110,151,
110,161,
110,163,
110,164,
110,178,
110,187,
110,192,
110,199,
111,114,
111,117,
111,126,
111,128,
111,129,
111,130,
111,137,
111,139,
111,141,
111,142,
111,154,
111,156,
111,157,
111,160,
111,167,
111,169,
111,171,
111,173,
111,174,
111,175,
111,176,
111,177,
111,179,
111,183,
111,186,
111,188,
111,189,
111,191,
111,196,
111,197,
112,113,
112,116,
112,117,
112,130,
112,136,
112,145,
112,146,
112,156,
112,161,
112,168,
112,170,
112,173,
112,174,
112,176,
112,179,
112,181,
112,182,
112,184,
112,189,
112,191,
112,195,
112,196,
112,198,
113,116,
113,120,
113,124,
113,125,
113,128,
113,129,
113,136,
113,140,
113,152,
113,154,
113,155,
113,164,
113,177,
113,178,
113,179,
113,181,
113,182,
113,188,
113,191,
113,193,
113,195,
113,198,
114,115,
114,118,
114,119,
114,120,
114,130,
114,133,
114,135,
114,137,
114,143,
114,155,
114,160,
114,162,
114,164,
114,166,
114,176,
114,180,
114,181,
114,185,
114,186,
114,187,
114,190,
114,192,
114,193,
114,194,
115,117,
115,119,
115,127,
115,129,
115,131,
115,135,
115,139,
115,140,
115,142,
115,146,
115,150,
115,153,
115,157,
115,162,
115,172,
115,177,
115,184,
115,187,
115,197,
116,121,
116,131,
116,133,
116,137,
116,138,
116,140,
116,141,
116,143,
116,146,
116,150,
116,151,
116,152,
116,158,
116,171,
116,174,
116,179,
116,182,
116,184,
116,186,
116,187,
116,196,
116,197,
117,119,
117,121,
117,122,
117,124,
117,127,
117,128,
117,131,
117,133,
117,141,
117,142,
117,149,
117,158,
117,161,
117,163,
117,165,
117,169,
117,174,
117,182,
117,190,
117,191,
117,193,
117,196,
117,197,
118,124,
118,129,
118,135,
118,137,
118,142,
118,146,
118,148,
118,150,
118,153,
118,154,
118,160,
118,164,
118,168,
118,174,
118,181,
118,185,
118,189,
118,190,
118,192,
118,193,
118,195,
119,123,
119,124,
119,135,
119,142,
119,144,
119,147,
119,148,
119,156,
119,164,
119,165,
119,169,
119,172,
119,175,
119,176,
119,182,
119,190,
119,193,
119,194,
119,195,
120,128,
120,130,
120,131,
120,133,
120,135,
120,142,
120,144,
120,150,
120,152,
120,153,
120,155,
120,156,
120,162,
120,165,
120,177,
120,190,
120,193,
121,122,
121,125,
121,126,
121,127,
121,129,
121,130,
121,131,
121,135,
121,140,
121,142,
121,143,
121,147,
121,154,
121,155,
121,158,
121,161,
121,162,
121,164,
121,166,
121,168,
121,169,
121,170,
121,176,
121,177,
121,181,
121,185,
121,188,
121,190,
121,192,
121,195,
122,131,
122,133,
122,134,
122,136,
122,141,
122,144,
122,146,
122,148,
122,153,
122,154,
122,159,
122,166,
122,176,
122,183,
122,196,
123,136,
123,140,
123,141,
123,144,
123,145,
123,147,
123,149,
123,161,
123,162,
123,170,
123,177,
123,183,
123,186,
123,187,
123,190,
123,191,
123,194,
123,195,
123,197,
124,129,
124,130,
124,137,
124,138,
124,141,
124,143,
124,156,
124,157,
124,165,
124,174,
124,175,
124,182,
124,188,
124,198,
124,199,
125,132,
125,133,
125,142,
125,148,
125,153,
125,158,
125,161,
125,173,
125,175,
125,178,
125,179,
125,180,
125,182,
125,183,
125,186,
125,190,
125,193,
125,197,
125,198,
126,129,
126,132,
126,133,
126,138,
126,139,
126,141,
126,143,
126,144,
126,145,
126,148,
126,149,
126,150,
126,153,
126,159,
126,163,
126,172,
126,176,
126,177,
126,182,
126,188,
126,189,
126,192,
126,194,
127,128,
127,131,
127,138,
127,142,
127,144,
127,159,
127,161,
127,162,
127,172,
127,181,
127,182,
127,189,
127,191,
127,195,
128,131,
128,132,
128,133,
128,135,
128,136,
128,137,
128,138,
128,140,
128,142,
128,147,
128,149,
128,152,
128,165,
128,168,
128,177,
128,178,
128,185,
128,198,
128,199,
129,134,
129,136,
129,138,
129,140,
129,141,
129,142,
129,144,
129,149,
129,154,
129,158,
129,159,
129,161,
129,163,
129,167,
129,170,
129,172,
129,175,
129,176,
129,179,
129,190,
129,197,
129,198,
130,132,
130,134,
130,135,
130,142,
130,147,
130,149,
130,152,
130,153,
130,154,
130,156,
130,160,
130,174,
130,176,
130,177,
130,184,
130,185,
130,186,
130,189,
130,190,
130,199,
131,134,
131,136,
131,137,
131,139,
131,140,
131,141,
131,144,
131,145,
131,147,
131,150,
131,151,
131,153,
131,156,
131,167,
131,170,
131,171,
131,172,
131,175,
131,186,
131,187,
131,188,
131,194,
131,196,
131,199,
132,135,
132,143,
132,145,
132,146,
132,149,
132,150,
132,151,
132,153,
132,154,
132,155,
132,156,
132,157,
132,158,
132,164,
132,166,
132,167,
132,176,
132,178,
132,198,
133,136,
133,140,
133,141,
133,147,
133,156,
133,162,
133,165,
133,166,
133,168,
133,171,
133,172,
133,181,
133,182,
133,188,
133,192,
133,198,
134,141,
134,143,
134,146,
134,147,
134,149,
134,151,
134,154,
134,163,
134,166,
134,167,
134,168,
134,174,
134,176,
134,180,
134,182,
134,184,
134,191,
134,195,
135,136,
135,148,
135,154,
135,166,
135,175,
135,178,
135,183,
135,186,
135,187,
135,194,
135,199,
136,137,
136,141,
136,145,
136,146,
136,148,
136,154,
136,155,
136,157,
136,164,
136,168,
136,169,
136,179,
136,180,
136,183,
136,193,
136,196,
136,199,
137,138,
137,139,
137,141,
137,144,
137,145,
137,147,
137,148,
137,150,
137,151,
137,162,
137,165,
137,177,
137,178,
137,180,
137,190,
137,194,
137,196,
138,139,
138,142,
138,145,
138,151,
138,156,
138,157,
138,163,
138,170,
138,181,
138,182,
138,183,
138,186,
138,192,
138,197,
138,198,
139,143,
139,146,
139,152,
139,163,
139,167,
139,174,
139,178,
139,187,
139,188,
139,190,
139,191,
139,192,
139,193,
140,142,
140,148,
140,149,
140,151,
140,152,
140,154,
140,161,
140,162,
140,163,
140,172,
140,174,
140,176,
140,182,
140,183,
140,185,
140,188,
140,191,
140,198,
141,155,
141,156,
141,158,
141,160,
141,164,
141,166,
141,169,
141,173,
141,179,
141,185,
141,186,
141,199,
142,145,
142,148,
142,153,
142,156,
142,159,
142,180,
142,181,
142,186,
142,192,
142,195,
142,196,
142,197,
143,145,
143,146,
143,147,
143,149,
143,150,
143,154,
143,157,
143,159,
143,161,
143,163,
143,171,
143,175,
143,176,
143,177,
143,182,
143,183,
143,185,
143,190,
143,195,
143,196,
144,151,
144,152,
144,154,
144,159,
144,166,
144,173,
144,174,
144,176,
144,183,
144,193,
144,194,
144,199,
145,148,
145,151,
145,156,
145,163,
145,164,
145,176,
145,181,
145,185,
145,193,
145,194,
145,197,
146,147,
146,156,
146,161,
146,162,
146,166,
146,189,
146,192,
146,193,
146,194,
146,198,
147,149,
147,152,
147,153,
147,156,
147,162,
147,163,
147,164,
147,168,
147,169,
147,171,
147,174,
147,180,
147,186,
147,187,
147,188,
147,190,
147,194,
147,197,
147,198,
148,158,
148,159,
148,160,
148,161,
148,162,
148,169,
148,170,
148,171,
148,172,
148,174,
148,176,
148,177,
148,181,
148,182,
148,183,
148,191,
149,150,
149,151,
149,153,
149,166,
149,168,
149,170,
149,172,
149,176,
149,178,
149,180,
149,186,
149,193,
149,198,
150,153,
150,158,
150,159,
150,173,
150,175,
150,177,
150,180,
150,182,
150,185,
150,188,
150,194,
151,157,
151,158,
151,161,
151,162,
151,171,
151,174,
151,176,
151,179,
151,181,
151,188,
151,192,
151,194,
152,156,
152,172,
152,173,
152,175,
152,178,
152,188,
152,190,
152,193,
152,198,
153,157,
153,161,
153,163,
153,164,
153,166,
153,169,
153,172,
153,173,
153,176,
153,191,
153,199,
154,155,
154,157,
154,159,
154,160,
154,162,
154,169,
154,172,
154,174,
154,178,
154,182,
154,183,
154,189,
155,156,
155,157,
155,160,
155,161,
155,164,
155,167,
155,168,
155,172,
155,177,
155,178,
155,192,
155,194,
155,196,
155,197,
156,160,
156,161,
156,168,
156,170,
156,180,
156,184,
156,186,
156,191,
156,193,
156,195,
156,197,
156,199,
157,160,
157,163,
157,170,
157,173,
157,175,
157,176,
157,177,
157,179,
157,180,
157,183,
157,185,
157,191,
157,196,
157,197,
158,160,
158,162,
158,165,
158,171,
158,177,
158,178,
158,180,
158,186,
158,190,
158,196,
158,197,
158,198,
159,160,
159,161,
159,162,
159,164,
159,166,
159,172,
159,173,
159,176,
159,178,
159,179,
159,181,
159,184,
159,187,
159,190,
159,198,
160,163,
160,166,
160,169,
160,170,
160,195,
161,162,
161,165,
161,168,
161,176,
161,179,
161,183,
161,185,
161,188,
161,191,
161,194,
161,196,
162,167,
162,177,
162,178,
162,182,
162,185,
162,196,
162,197,
162,198,
163,167,
163,169,
163,173,
163,174,
163,176,
163,179,
163,186,
163,188,
163,194,
163,196,
164,170,
164,171,
164,176,
164,180,
164,182,
164,184,
164,186,
164,189,
164,190,
164,191,
164,193,
164,194,
164,195,
165,178,
165,182,
165,184,
165,186,
165,187,
165,191,
165,198,
166,167,
166,172,
166,174,
166,190,
166,193,
166,197,
167,174,
167,175,
167,177,
167,182,
167,185,
167,186,
167,187,
167,194,
168,176,
168,177,
168,178,
168,181,
168,193,
169,172,
169,180,
169,181,
169,184,
169,186,
169,188,
170,183,
170,187,
170,193,
170,194,
171,175,
171,179,
171,184,
171,186,
171,189,
171,190,
171,192,
172,174,
172,175,
172,176,
172,187,
172,192,
172,193,
172,195,
172,199,
173,175,
173,176,
173,180,
173,181,
173,182,
173,186,
173,190,
173,194,
174,177,
174,178,
174,192,
174,194,
175,180,
175,184,
175,186,
175,187,
175,190,
175,191,
175,197,
176,187,
176,190,
176,198,
177,178,
177,180,
177,182,
177,187,
177,188,
177,191,
177,196,
177,199,
178,181,
178,184,
178,185,
178,190,
178,194,
178,199,
180,186,
180,187,
180,191,
181,185,
181,189,
181,190,
181,197,
182,183,
182,188,
182,189,
182,192,
182,194,
182,198,
183,185,
183,187,
184,185,
184,190,
184,195,
185,188,
186,193,
186,195,
187,189,
187,195,
187,197,
188,190,
189,194,
189,195,
190,191,
190,192,
191,192,
191,198,
192,193,
192,196,
193,198,
194,195,
194,196,
194,198,
195,196,
195,197,
195,198,
196,198,
198,199,